301 0 CR93E-10279 0
301 0 CR93E-10505 0
301 0 CR93E-1282 1
301 0 CR93E-1850 0
301 0 CR93E-1860 0
301 0 CR93E-1952 0
301 0 CR93E-2191 0
301 0 CR93E-2473 0
301 0 CR93E-3103 1
301 0 CR93E-3284 0
301 0 CR93E-38 0
301 0 CR93E-392 0
301 0 CR93E-4648 0
301 0 CR93E-4765 0
301 0 CR93E-4855 0
301 0 CR93E-5497 0
301 0 CR93E-5780 0
301 0 CR93E-5796 1
301 0 CR93E-5799 1
301 0 CR93E-6019 0
301 0 CR93E-6879 0
301 0 CR93E-6905 1
301 0 CR93E-7123 0
301 0 CR93E-7191 0
301 0 CR93E-7276 0
301 0 CR93E-7348 1
301 0 CR93E-7376 1
301 0 CR93E-7414 0
301 0 CR93E-7716 0
301 0 CR93E-7952 1
301 0 CR93E-8012 0
301 0 CR93E-8290 1
301 0 CR93E-8416 1
301 0 CR93E-8480 0
301 0 CR93E-8484 0
301 0 CR93E-9665 1
301 0 CR93E-9750 1
301 0 CR93E-9795 0
301 0 CR93H-10037 1
301 0 CR93H-10042 0
301 0 CR93H-10104 0
301 0 CR93H-10213 0
301 0 CR93H-10221 0
301 0 CR93H-10306 0
301 0 CR93H-10374 0
301 0 CR93H-10601 0
301 0 CR93H-10659 0
301 0 CR93H-10681 0
301 0 CR93H-10921 0
301 0 CR93H-10989 0
301 0 CR93H-11029 0
301 0 CR93H-11033 0
301 0 CR93H-11034 0
301 0 CR93H-11077 0
301 0 CR93H-11119 0
301 0 CR93H-11267 0
301 0 CR93H-11291 0
301 0 CR93H-11586 0
301 0 CR93H-11806 0
301 0 CR93H-11894 0
301 0 CR93H-11994 0
301 0 CR93H-11998 0
301 0 CR93H-12016 0
301 0 CR93H-12017 0
301 0 CR93H-12150 0
301 0 CR93H-12163 0
301 0 CR93H-12181 0
301 0 CR93H-12278 0
301 0 CR93H-12436 0
301 0 CR93H-12498 0
301 0 CR93H-12610 0
301 0 CR93H-12820 0
301 0 CR93H-12874 0
301 0 CR93H-12908 0
301 0 CR93H-1298 0
301 0 CR93H-12982 0
301 0 CR93H-12983 0
301 0 CR93H-12988 0
301 0 CR93H-13053 0
301 0 CR93H-13205 0
301 0 CR93H-13529 1
301 0 CR93H-13593 1
301 0 CR93H-13595 1
301 0 CR93H-13659 0
301 0 CR93H-13680 0
301 0 CR93H-13849 0
301 0 CR93H-14136 0
301 0 CR93H-14306 0
301 0 CR93H-14325 0
301 0 CR93H-14388 0
301 0 CR93H-14389 1
301 0 CR93H-14469 0
301 0 CR93H-1461 0
301 0 CR93H-1464 0
301 0 CR93H-14669 0
301 0 CR93H-14791 0
301 0 CR93H-14817 0
301 0 CR93H-14949 0
301 0 CR93H-15069 1
301 0 CR93H-15178 0
301 0 CR93H-15405 0
301 0 CR93H-15453 0
301 0 CR93H-15477 0
301 0 CR93H-15587 0
301 0 CR93H-15608 0
301 0 CR93H-15875 0
301 0 CR93H-15886 0
301 0 CR93H-15950 0
301 0 CR93H-16062 0
301 0 CR93H-16128 0
301 0 CR93H-16369 0
301 0 CR93H-1712 0
301 0 CR93H-1769 1
301 0 CR93H-1788 0
301 0 CR93H-185 0
301 0 CR93H-1852 0
301 0 CR93H-199 1
301 0 CR93H-215 0
301 0 CR93H-2174 0
301 0 CR93H-2252 0
301 0 CR93H-2346 0
301 0 CR93H-2430 0
301 0 CR93H-2707 0
301 0 CR93H-2841 0
301 0 CR93H-2896 0
301 0 CR93H-2899 1
301 0 CR93H-3079 0
301 0 CR93H-3262 0
301 0 CR93H-3444 0
301 0 CR93H-3466 0
301 0 CR93H-3813 0
301 0 CR93H-3960 0
301 0 CR93H-4041 0
301 0 CR93H-4042 0
301 0 CR93H-4143 0
301 0 CR93H-416 0
301 0 CR93H-4192 0
301 0 CR93H-4306 0
301 0 CR93H-4417 0
301 0 CR93H-4554 0
301 0 CR93H-4569 0
301 0 CR93H-4586 0
301 0 CR93H-4635 0
301 0 CR93H-4827 0
301 0 CR93H-4879 0
301 0 CR93H-4922 0
301 0 CR93H-5017 0
301 0 CR93H-5053 0
301 0 CR93H-5121 0
301 0 CR93H-5189 0
301 0 CR93H-5255 0
301 0 CR93H-553 0
301 0 CR93H-5568 1
301 0 CR93H-5618 0
301 0 CR93H-6202 0
301 0 CR93H-6346 0
301 0 CR93H-6422 0
301 0 CR93H-6567 0
301 0 CR93H-6695 0
301 0 CR93H-6754 0
301 0 CR93H-6912 0
301 0 CR93H-6945 0
301 0 CR93H-7055 0
301 0 CR93H-71 0
301 0 CR93H-7245 0
301 0 CR93H-7314 0
301 0 CR93H-735 0
301 0 CR93H-742 0
301 0 CR93H-7426 0
301 0 CR93H-7554 0
301 0 CR93H-7557 0
301 0 CR93H-7612 0
301 0 CR93H-8165 0
301 0 CR93H-83 0
301 0 CR93H-8422 0
301 0 CR93H-8460 0
301 0 CR93H-8461 0
301 0 CR93H-8472 0
301 0 CR93H-8590 0
301 0 CR93H-860 0
301 0 CR93H-8700 0
301 0 CR93H-8928 0
301 0 CR93H-8981 0
301 0 CR93H-9134 1
301 0 CR93H-9143 0
301 0 CR93H-9147 0
301 0 CR93H-9214 0
301 0 CR93H-9344 0
301 0 CR93H-9350 1
301 0 CR93H-9357 0
301 0 CR93H-9546 0
301 0 CR93H-9548 0
301 0 CR93H-955 1
301 0 CR93H-9684 1
301 0 CR93H-9705 0
301 0 CR93H-9835 0
301 0 FBIS3-10082 1
301 0 FBIS3-10169 0
301 0 FBIS3-10243 1
301 0 FBIS3-10319 0
301 0 FBIS3-10397 1
301 0 FBIS3-10491 1
301 0 FBIS3-10555 0
301 0 FBIS3-10622 1
301 0 FBIS3-10634 0
301 0 FBIS3-10635 0
301 0 FBIS3-10721 1
301 0 FBIS3-10805 1
301 0 FBIS3-10910 1
301 0 FBIS3-10937 1
301 0 FBIS3-10938 0
301 0 FBIS3-11003 1
301 0 FBIS3-11028 0
301 0 FBIS3-11095 1
301 0 FBIS3-11099 1
301 0 FBIS3-11210 1
301 0 FBIS3-11318 0
301 0 FBIS3-11405 1
301 0 FBIS3-11502 1
301 0 FBIS3-11553 1
301 0 FBIS3-1162 0
301 0 FBIS3-11628 1
301 0 FBIS3-11634 1
301 0 FBIS3-12094 1
301 0 FBIS3-13011 0
301 0 FBIS3-14449 0
301 0 FBIS3-14832 1
301 0 FBIS3-15271 0
301 0 FBIS3-15418 0
301 0 FBIS3-15509 0
301 0 FBIS3-15586 1
301 0 FBIS3-15988 1
301 0 FBIS3-16151 0
301 0 FBIS3-16286 0
301 0 FBIS3-1638 0
301 0 FBIS3-16769 0
301 0 FBIS3-16775 0
301 0 FBIS3-17073 0
301 0 FBIS3-17175 0
301 0 FBIS3-17255 0
301 0 FBIS3-17394 0
301 0 FBIS3-17422 0
301 0 FBIS3-17547 0
301 0 FBIS3-17704 0
301 0 FBIS3-17880 0
301 0 FBIS3-18129 0
301 0 FBIS3-18281 0
301 0 FBIS3-18507 0
301 0 FBIS3-19199 1
301 0 FBIS3-19420 1
301 0 FBIS3-19646 1
301 0 FBIS3-19682 0
301 0 FBIS3-19863 0
301 0 FBIS3-20360 1
301 0 FBIS3-20551 1
301 0 FBIS3-20552 1
301 0 FBIS3-20796 0
301 0 FBIS3-21603 1
301 0 FBIS3-21604 0
301 0 FBIS3-21605 1
301 0 FBIS3-21620 0
301 0 FBIS3-21627 1
301 0 FBIS3-21628 1
301 0 FBIS3-21629 1
301 0 FBIS3-21630 1
301 0 FBIS3-21631 1
301 0 FBIS3-21632 1
301 0 FBIS3-21635 1
301 0 FBIS3-21636 1
301 0 FBIS3-21641 1
301 0 FBIS3-21642 1
301 0 FBIS3-21670 0
301 0 FBIS3-21671 0
301 0 FBIS3-21699 1
301 0 FBIS3-21710 1
301 0 FBIS3-21720 1
301 0 FBIS3-21722 1
301 0 FBIS3-21723 1
301 0 FBIS3-21724 1
301 0 FBIS3-21729 1
301 0 FBIS3-21743 1
301 0 FBIS3-21750 1
301 0 FBIS3-21762 0
301 0 FBIS3-21765 1
301 0 FBIS3-21769 1
301 0 FBIS3-21770 1
301 0 FBIS3-21771 1
301 0 FBIS3-21779 0
301 0 FBIS3-21789 1
301 0 FBIS3-21790 1
301 0 FBIS3-21807 1
301 0 FBIS3-21817 1
301 0 FBIS3-21818 1
301 0 FBIS3-21821 1
301 0 FBIS3-21828 0
301 0 FBIS3-21880 1
301 0 FBIS3-21884 1
301 0 FBIS3-21886 1
301 0 FBIS3-21900 1
301 0 FBIS3-21906 1
301 0 FBIS3-21907 1
301 0 FBIS3-21911 1
301 0 FBIS3-21912 0
301 0 FBIS3-21930 1
301 0 FBIS3-21938 0
301 0 FBIS3-21961 1
301 0 FBIS3-21978 1
301 0 FBIS3-21990 0
301 0 FBIS3-21998 1
301 0 FBIS3-21999 1
301 0 FBIS3-22000 1
301 0 FBIS3-22011 1
301 0 FBIS3-22033 0
301 0 FBIS3-22038 1
301 0 FBIS3-22039 1
301 0 FBIS3-22040 1
301 0 FBIS3-22047 1
301 0 FBIS3-22049 1
301 0 FBIS3-22055 1
301 0 FBIS3-22085 0
301 0 FBIS3-22088 1
301 0 FBIS3-22090 0
301 0 FBIS3-22098 0
301 0 FBIS3-22101 1
301 0 FBIS3-23426 0
301 0 FBIS3-23432 0
301 0 FBIS3-23561 0
301 0 FBIS3-23606 0
301 0 FBIS3-23691 0
301 0 FBIS3-23743 0
301 0 FBIS3-23823 0
301 0 FBIS3-2393 1
301 0 FBIS3-23945 0
301 0 FBIS3-23986 1
301 0 FBIS3-24037 0
301 0 FBIS3-24039 0
301 0 FBIS3-24137 0
301 0 FBIS3-24143 0
301 0 FBIS3-24145 0
301 0 FBIS3-24182 0
301 0 FBIS3-24197 1
301 0 FBIS3-24247 0
301 0 FBIS3-24256 0
301 0 FBIS3-24277 0
301 0 FBIS3-24284 0
301 0 FBIS3-24318 1
301 0 FBIS3-24325 1
301 0 FBIS3-24338 0
301 0 FBIS3-24362 0
301 0 FBIS3-24451 0
301 0 FBIS3-24453 0
301 0 FBIS3-2516 0
301 0 FBIS3-25359 0
301 0 FBIS3-25902 0
301 0 FBIS3-26005 1
301 0 FBIS3-2605 0
301 0 FBIS3-26415 1
301 0 FBIS3-26451 0
301 0 FBIS3-26913 1
301 0 FBIS3-26914 1
301 0 FBIS3-27048 0
301 0 FBIS3-27916 0
301 0 FBIS3-28833 0
301 0 FBIS3-29180 0
301 0 FBIS3-3020 0